11100110111111010110000011111011101111111110101001000000000100000000000010001110
11011000101111111000001101000100000001000101001100000111000111010111011011001100
00000010011111111000000001101100000011000010110001001100010011011100101100010100
00000010111111110110000001001000000100010010110010001100011011011100111100010111
11111110000000000101111110110011111011111101001000110011000000100000110011101101
00110011111110111110110101110000010011001110100011001000001100000110000011001010
11111111011111110011000001011100000101000010111111001100101111011101101100001110
00110010001111000100110101001000010110001110100000001000011100000110010011001011
00110001101111000101110101101100010110101110100010000111110100001001110011001100
00001011101111101111110011110100010000011101010011001110010000111001100010011001
